0.010451  0.00142255
0.0112152 0.0014221
0.0120354 0.00142164
0.0128021 0.00142125
0.0133794 0.00142097
0.0141067 0.00142063
0.0151383 0.00142018
0.0162453 0.00141972
0.0175878 0.00141922
0.0188739 0.00141877
0.0202541 0.00141831
0.0213551 0.00141798
0.022516  0.00141764
0.0233247 0.00144712
0.0243766 0.00144684
0.0257017 0.00144649
0.0270988 0.00144615
0.0285719 0.0014458
0.0298604 0.00147581
0.0314836 0.00147546
0.0329034 0.00147517
0.0343873 0.00150579
0.0362566 0.00150543
0.0385662 0.00150501
0.0410229 0.00153613
0.0440229 0.00153564
0.0464159 0.00153528
0.0502515 0.00159974
0.0563583 0.00163243
0.0621017 0.00166591
0.0678293 0.00170016
0.0734345 0.00169955
0.0788046 0.00173462
0.0845674 0.00177042
0.0899545 0.0018449
0.0956848 0.00188305
0.100886  0.00192206
0.108264  0.00196172
0.114149  0.00204433
0.12142 0.0020866
0.130299  0.0021743
0.137382  0.00226587
0.14485 0.00231281
0.151383  0.0024103
0.159612  0.00251181
0.16681 0.00261769
0.174333  0.00272803
0.182195  0.00290262
0.192099  0.00302486
0.200762  0.00321844
0.207973  0.00342455
0.217353  0.00364371
0.22516 0.00387706
0.233247  0.00412535
0.241625  0.00448154
0.250304  0.00486849
0.257017  0.00518047
0.26391 0.00539928
0.268608  0.00574551
0.275812  0.00611369
0.280722  0.00650573
0.285719  0.00706802
0.290805  0.00752125
0.295981  0.00800355
0.30125 0.00851677
0.306613  0.00925287
0.312071  0.0102633
0.317626  0.0109214
0.32328 0.0118654
0.326144  0.0128914
0.33195 0.0134364
0.334892  0.0145983
0.337859  0.0158607
0.340853  0.0168784
0.34692 0.0179607
0.349995  0.0195138
0.353096  0.0212012
0.359381  0.0245126
0.362566  0.0271905
0.365779  0.0295417
0.36902 0.032769
0.37229 0.0371108
0.375589  0.0429088
0.378917  0.0475964
0.382275  0.0539027
0.385662  0.0623242
0.389079  0.0720614
0.396005  0.081606
0.396005  0.0943594
0.399515  0.106862
0.403055  0.123557
0.406626  0.137055
0.406626  0.158474
0.413865  0.183226
0.413865  0.203251
